refID,pos,ref,fA,fC,fG,fU,rA,rC,rG,rU,f_total,r_total,edited,unedited,rsedited,rsunedited,total,rstotal,editp,rseditp,binomial,bBH
Phylloglossum_drummondii_mt_1kb,2942,C,0,143,0,28,0,0,3,0,171,3,28,143,0,3,171,3,0.16374269005847952,0.0,3.449783241812019e-8,3.5821280652815335e-6
Phylloglossum_drummondii_mt_1kb,3587,C,0,293,0,37,0,0,16,0,330,16,37,293,0,16,330,16,0.11212121212121212,0.0,4.911461559803203e-6,0.0004955440006449807
Phylloglossum_drummondii_mt_1kb,3719,C,0,273,0,32,0,0,13,0,305,13,32,273,0,13,305,13,0.10491803278688525,0.0,7.444230035013889e-5,0.00742995123171397
Phylloglossum_drummondii_mt_1kb,3822,C,0,23,0,372,0,0,6,0,395,6,372,23,0,6,395,6,0.9417721518987342,0.0,0.0,0.0
Phylloglossum_drummondii_mt_1kb,3855,C,0,293,0,86,0,0,9,0,379,9,86,293,0,9,379,9,0.22691292875989447,0.0,3.1853422286508386e-32,3.697152479976165e-30
Phylloglossum_drummondii_mt_1kb,3861,C,0,211,0,137,0,0,9,0,348,9,137,211,0,9,348,9,0.3936781609195402,0.0,1.124850884299455e-83,1.4079180892646502e-81
Phylloglossum_drummondii_mt_1kb,4101,C,0,197,0,962,0,0,13,0,1159,13,962,197,0,13,1159,13,0.8300258843830889,0.0,0.0,0.0
Phylloglossum_drummondii_mt_1kb,4495,C,0,1308,0,393,0,0,10,0,1701,10,393,1308,0,10,1701,10,0.2310405643738977,0.0,2.044207632964964e-143,2.7125873836745116e-141
Phylloglossum_drummondii_mt_1kb,4614,C,0,528,0,1592,0,0,14,0,2120,14,1592,528,0,14,2120,14,0.7509433962264151,0.0,0.0,0.0
Phylloglossum_drummondii_mt_1kb,4661,C,0,546,0,1848,0,0,11,0,2394,11,1848,546,0,11,2394,11,0.7719298245614035,0.0,0.0,0.0
Phylloglossum_drummondii_mt_1kb,5183,C,0,1816,0,1079,0,0,20,0,2895,20,1079,1816,0,20,2895,20,0.3727115716753022,0.0,0.0,0.0
Phylloglossum_drummondii_mt_1kb,5202,C,0,2466,0,455,0,0,17,0,2921,17,455,2466,0,17,2921,17,0.15576857240671002,0.0,2.085547647015032e-100,2.653401018706405e-98
Phylloglossum_drummondii_mt_1kb,5647,C,0,2399,0,578,0,0,4,0,2977,4,578,2399,0,4,2977,4,0.19415518978837756,0.0,1.9491370082866434e-171,2.670606035229667e-169
Phylloglossum_drummondii_mt_1kb,6996,C,0,3514,0,551,0,0,4,0,4065,4,551,3514,0,4,4065,4,0.13554735547355473,0.0,6.32891154207044e-97,8.030088285611621e-95
Phylloglossum_drummondii_mt_1kb,7449,C,0,1021,0,1313,0,0,0,0,2334,0,1313,1021,0,0,2334,0,0.5625535561268209,NaN,0.0,0.0
Phylloglossum_drummondii_mt_1kb,8533,C,0,7452,0,600,0,0,2,0,8052,2,600,7452,0,2,8052,2,0.07451564828614009,0.0,2.150373195825368e-21,2.3938926219199186e-19
Phylloglossum_drummondii_mt_1kb,8548,C,0,7536,0,814,0,0,2,0,8350,2,814,7536,0,2,8350,2,0.09748502994011976,0.0,1.7523900459757624e-70,2.146955963470464e-68
Phylloglossum_drummondii_mt_1kb,8568,C,0,198,0,8099,0,0,1,0,8297,1,8099,198,0,1,8297,1,0.9761359527540074,0.0,0.0,0.0
Phylloglossum_drummondii_mt_1kb,8573,C,0,6089,0,2323,0,0,1,0,8412,1,2323,6089,0,1,8412,1,0.2761531145981931,0.0,0.0,0.0
Phylloglossum_drummondii_mt_1kb,8890,C,0,7872,0,735,0,0,2,0,8607,2,735,7872,0,2,8607,2,0.08539560822586267,0.0,3.127150615670137e-43,3.685024736954191e-41
Phylloglossum_drummondii_mt_1kb,8934,C,0,153,0,8432,0,0,2,0,8585,2,8432,153,0,2,8585,2,0.9821782178217822,0.0,0.0,0.0
Phylloglossum_drummondii_mt_1kb,8940,C,0,363,0,8250,0,0,2,0,8613,2,8250,363,0,2,8613,2,0.9578544061302682,0.0,0.0,0.0
Phylloglossum_drummondii_mt_1kb,9044,C,0,8039,0,2295,0,0,5,0,10334,5,2295,8039,0,5,10334,5,0.2220824462937875,0.0,0.0,0.0
Phylloglossum_drummondii_mt_1kb,9045,C,0,75,0,10255,0,0,5,0,10330,5,10255,75,0,5,10330,5,0.9927395934172314,0.0,0.0,0.0
Phylloglossum_drummondii_mt_1kb,9077,C,0,102,0,8480,0,0,5,0,8582,5,8480,102,0,5,8582,5,0.9881146585877418,0.0,0.0,0.0
Phylloglossum_drummondii_mt_1kb,17946,G,0,0,8,0,0,194,0,59859,8,60053,59859,194,0,8,60053,8,0.9967695202571062,0.0,0.0,0.0
Phylloglossum_drummondii_mt_1kb,17952,G,0,0,9,0,0,589,0,58419,9,59008,58419,589,0,9,59008,9,0.9900183026030369,0.0,0.0,0.0
Phylloglossum_drummondii_mt_1kb,18019,G,0,0,7,0,0,114,0,39595,7,39709,39595,114,0,7,39709,7,0.9971291143065804,0.0,0.0,0.0
Phylloglossum_drummondii_mt_1kb,18041,G,0,0,8,0,0,32682,0,2224,8,34906,2224,32682,0,8,34906,8,0.063713974674841,0.0,7.305011198724128e-30,8.415481930948087e-28
Phylloglossum_drummondii_mt_1kb,18051,G,0,0,7,0,0,1719,0,37742,7,39461,37742,1719,0,7,39461,7,0.9564380020780011,0.0,0.0,0.0
Phylloglossum_drummondii_mt_1kb,18054,G,0,0,7,0,0,824,0,38525,7,39349,38525,824,0,7,39349,7,0.9790591882894102,0.0,0.0,0.0
Phylloglossum_drummondii_mt_1kb,22396,G,0,0,0,0,0,311,0,54386,0,54697,54386,311,0,0,54697,0,0.9943141305738888,NaN,0.0,0.0
Phylloglossum_drummondii_mt_1kb,22469,G,0,0,0,0,0,962,0,53265,0,54227,53265,962,0,0,54227,0,0.9822597598982057,NaN,0.0,0.0
Phylloglossum_drummondii_mt_1kb,22544,G,0,0,1,0,0,2207,0,39303,1,41510,39303,2207,0,1,41510,1,0.9468320886533366,0.0,0.0,0.0
Phylloglossum_drummondii_mt_1kb,22591,G,0,0,0,0,0,172,0,34946,0,35118,34946,172,0,0,35118,0,0.9951022267782903,NaN,0.0,0.0
Phylloglossum_drummondii_mt_1kb,22622,G,0,0,1,0,0,131,0,37637,1,37768,37637,131,0,1,37768,1,0.9965314552001695,0.0,0.0,0.0
Phylloglossum_drummondii_mt_1kb,22741,G,0,0,2,0,0,396,0,38121,2,38517,38121,396,0,2,38517,2,0.9897188254536957,0.0,0.0,0.0
Phylloglossum_drummondii_mt_1kb,22744,G,0,0,2,0,0,334,0,37968,2,38302,37968,334,0,2,38302,2,0.9912798287295702,0.0,0.0,0.0
Phylloglossum_drummondii_mt_1kb,22747,G,0,0,2,0,0,305,0,37637,2,37942,37637,305,0,2,37942,2,0.9919614147909968,0.0,0.0,0.0
Phylloglossum_drummondii_mt_1kb,22762,G,0,0,2,0,0,1000,0,33482,2,34482,33482,1000,0,2,34482,2,0.9709993619859637,0.0,0.0,0.0
Phylloglossum_drummondii_mt_1kb,22852,G,0,0,3,0,0,480,0,26945,3,27425,26945,480,0,3,27425,3,0.9824977210574294,0.0,0.0,0.0
Phylloglossum_drummondii_mt_1kb,22879,G,0,0,3,0,0,337,0,29157,3,29494,29157,337,0,3,29494,3,0.9885739472435071,0.0,0.0,0.0
Phylloglossum_drummondii_mt_1kb,22884,G,0,0,3,0,0,21219,0,8823,3,30042,8823,21219,0,3,30042,3,0.29368883563011783,0.0,0.0,0.0
Phylloglossum_drummondii_mt_1kb,22885,G,0,0,3,0,0,434,0,29593,3,30027,29593,434,0,3,30027,3,0.9855463416258701,0.0,0.0,0.0
Phylloglossum_drummondii_mt_1kb,22894,G,0,0,3,0,0,186,0,30332,3,30518,30332,186,0,3,30518,3,0.9939052362540141,0.0,0.0,0.0
Phylloglossum_drummondii_mt_1kb,23017,G,0,0,2,0,0,2876,0,643,2,3519,643,2876,0,2,3519,2,0.18272236430804206,0.0,2.6337187915324388e-176,3.6300640165077014e-174
Phylloglossum_drummondii_mt_1kb,23018,G,0,0,2,0,0,2865,0,553,2,3418,553,2865,0,2,3418,2,0.1617905207723815,0.0,1.4389200002445308e-128,1.8877570575446027e-126
Phylloglossum_drummondii_mt_1kb,25835,G,0,0,0,0,0,512,0,20834,0,21346,20834,512,0,0,21346,0,0.9760142415440832,NaN,0.0,0.0
Phylloglossum_drummondii_mt_1kb,25945,G,0,0,3,0,0,258,0,18100,3,18358,18100,258,0,3,18358,3,0.9859461815012529,0.0,0.0,0.0
Phylloglossum_drummondii_mt_1kb,25946,G,0,0,3,0,0,10738,0,7648,3,18386,7648,10738,0,3,18386,3,0.4159686718155118,0.0,0.0,0.0
Phylloglossum_drummondii_mt_1kb,25996,G,0,0,5,0,0,485,0,32701,5,33186,32701,485,0,5,33186,5,0.9853854034833966,0.0,0.0,0.0
Phylloglossum_drummondii_mt_1kb,26084,G,0,0,6,0,0,459,0,41564,6,42023,41564,459,0,6,42023,6,0.9890774099897675,0.0,0.0,0.0
Phylloglossum_drummondii_mt_1kb,26089,G,0,0,8,0,0,549,0,41689,8,42238,41689,549,0,8,42238,8,0.9870022254841612,0.0,0.0,0.0
Phylloglossum_drummondii_mt_1kb,26115,G,0,0,6,0,0,36865,0,2769,6,39634,2769,36865,0,6,39634,6,0.06986425796033709,0.0,2.7792689333199785e-66,3.3960613079414654e-64
Phylloglossum_drummondii_mt_1kb,26117,G,0,0,7,0,0,889,0,38742,7,39631,38742,889,0,7,39631,7,0.9775680654033458,0.0,0.0,0.0
Phylloglossum_drummondii_mt_1kb,26146,G,0,0,7,0,0,5263,0,29620,7,34883,29620,5263,0,7,34883,7,0.8491242152337815,0.0,0.0,0.0
Phylloglossum_drummondii_mt_1kb,26194,G,0,0,8,0,0,21662,0,2493,8,24155,2493,21662,0,8,24155,8,0.10320844545642724,0.0,5.980722147107174e-245,8.628449325690977e-243
Phylloglossum_drummondii_mt_1kb,26352,G,0,0,3,0,0,238,0,147,3,385,147,238,0,3,385,3,0.38181818181818183,0.0,1.9408013823173656e-87,2.4424036091440086e-85
Phylloglossum_drummondii_mt_1kb,27207,G,0,0,5,0,0,1808,0,147,5,1955,147,1808,0,5,1955,5,0.07519181585677749,0.0,1.062564000655841e-6,0.0001079131610402909
Phylloglossum_drummondii_mt_1kb,27497,G,0,0,7,0,0,1606,0,365,7,1971,365,1606,0,7,1971,7,0.18518518518518517,0.0,9.75680268473274e-103,1.2447583722662752e-100
Phylloglossum_drummondii_mt_1kb,27914,G,0,0,2,0,0,3155,0,2118,2,5273,2118,3155,0,2,5273,2,0.40166887919590366,0.0,0.0,0.0
Phylloglossum_drummondii_mt_1kb,28321,G,0,0,0,0,0,1377,0,7337,0,8714,7337,1377,0,0,8714,0,0.8419784255221483,NaN,0.0,0.0
Phylloglossum_drummondii_mt_1kb,28873,G,0,0,5,0,0,65,0,1173,5,1238,1173,65,0,5,1238,5,0.9474959612277868,0.0,0.0,0.0
Phylloglossum_drummondii_mt_1kb,28893,G,0,0,5,0,0,182,0,945,5,1127,945,182,0,5,1127,5,0.8385093167701864,0.0,0.0,0.0
Phylloglossum_drummondii_mt_1kb,29159,G,0,0,13,0,0,2259,0,909,13,3168,909,2259,0,13,3168,13,0.2869318181818182,0.0,0.0,0.0
Phylloglossum_drummondii_mt_1kb,29682,G,0,0,7,0,0,821,0,158,7,979,158,821,0,7,979,7,0.16138917262512767,0.0,5.468796208103475e-38,6.3955914442798e-36
Phylloglossum_drummondii_mt_1kb,29709,G,0,0,6,0,0,612,0,375,6,987,375,612,0,6,987,6,0.3799392097264438,0.0,3.753784038035623e-219,5.300045505654504e-217
Phylloglossum_drummondii_mt_1kb,61357,C,0,1966,0,191,0,0,17,0,2157,17,191,1966,0,17,2157,17,0.08854891052387576,0.0,5.934863030203e-14,6.3770172109450384e-12
Phylloglossum_drummondii_mt_1kb,61737,C,0,1015,0,133,0,0,24,0,1148,24,133,1015,0,24,1148,24,0.11585365853658537,0.0,8.226789410137582e-19,8.985633122001924e-17
Phylloglossum_drummondii_mt_1kb,62183,C,0,2563,0,241,0,0,90,0,2804,90,241,2563,0,90,2804,90,0.08594864479315265,0.0,1.0432915544695734e-15,1.1288755882953367e-13
Phylloglossum_drummondii_mt_1kb,62532,C,0,1148,0,1259,0,0,10,0,2407,10,1259,1148,0,10,2407,10,0.5230577482343166,0.0,0.0,0.0
Phylloglossum_drummondii_mt_1kb,62709,C,0,1207,0,3313,0,0,6,0,4520,6,3313,1207,0,6,4520,6,0.7329646017699115,0.0,0.0,0.0
Phylloglossum_drummondii_mt_1kb,63359,C,0,5373,0,650,0,0,9,0,6023,9,650,5373,0,9,6023,9,0.1079196413747302,0.0,1.1743168074734958e-72,1.4463772784815176e-70
Phylloglossum_drummondii_mt_1kb,63384,C,0,3618,0,669,0,0,12,0,4287,12,669,3618,0,12,4287,12,0.15605318404478657,0.0,4.7606538763228217e-147,6.390453381634382e-145
Phylloglossum_drummondii_mt_1kb,63438,C,0,3024,0,2363,0,0,14,0,5387,14,2363,3024,0,14,5387,14,0.43864859847781695,0.0,0.0,0.0
Phylloglossum_drummondii_mt_1kb,63567,C,0,658,0,4184,0,0,19,0,4842,19,4184,658,0,19,4842,19,0.8641057414291615,0.0,0.0,0.0
Phylloglossum_drummondii_mt_1kb,63605,C,0,600,0,4336,0,0,12,0,4936,12,4336,600,0,12,4936,12,0.8784440842787682,0.0,0.0,0.0
Phylloglossum_drummondii_mt_1kb,63678,C,0,1071,0,6610,0,0,16,0,7681,16,6610,1071,0,16,7681,16,0.8605650305949746,0.0,0.0,0.0
Phylloglossum_drummondii_mt_1kb,63758,C,0,1862,0,7192,0,0,13,0,9054,13,7192,1862,0,13,9054,13,0.7943450408659156,0.0,0.0,0.0
Phylloglossum_drummondii_mt_1kb,63760,C,0,4157,0,4902,0,0,13,0,9059,13,4902,4157,0,13,9059,13,0.5411193288442433,0.0,0.0,0.0
Phylloglossum_drummondii_mt_1kb,63775,C,0,8846,0,1030,0,0,12,0,9876,12,1030,8846,0,12,9876,12,0.10429323612798704,0.0,3.963595550692334e-105,5.08471117861808e-103
Phylloglossum_drummondii_mt_1kb,63792,C,0,612,0,9177,0,0,11,0,9789,11,9177,612,0,11,9789,11,0.9374808458473797,0.0,0.0,0.0
Phylloglossum_drummondii_mt_1kb,64374,C,0,6930,0,546,0,0,14,0,7476,14,546,6930,0,14,7476,14,0.07303370786516854,0.0,5.5979900976270144e-18,6.099965162616581e-16
Phylloglossum_drummondii_mt_1kb,64446,C,0,2547,0,5425,0,0,13,0,7972,13,5425,2547,0,13,7972,13,0.680506773707978,0.0,0.0,0.0
Phylloglossum_drummondii_mt_1kb,64585,C,0,843,0,8966,0,0,10,0,9809,10,8966,843,0,10,9809,10,0.9140585176878377,0.0,0.0,0.0
Phylloglossum_drummondii_mt_1kb,64639,C,0,593,0,11213,0,0,7,0,11806,7,11213,593,0,7,11806,7,0.9497713027274267,0.0,0.0,0.0
Phylloglossum_drummondii_mt_1kb,68844,C,0,388,0,40,0,0,1,0,428,1,40,388,0,1,428,1,0.09345794392523364,0.0,0.0001362046620014961,0.0134781497904942
Phylloglossum_drummondii_mt_1kb,76147,C,0,835,0,23424,0,0,11,0,24259,11,23424,835,0,11,24259,11,0.9655797848221279,0.0,0.0,0.0
Phylloglossum_drummondii_mt_1kb,76254,C,0,215,0,15854,0,0,9,0,16069,9,15854,215,0,9,16069,9,0.9866202003858361,0.0,0.0,0.0
Phylloglossum_drummondii_mt_1kb,78560,C,0,3502,0,16660,0,0,14,0,20162,14,16660,3502,0,14,20162,14,0.8263069139966274,0.0,0.0,0.0
Phylloglossum_drummondii_mt_1kb,80195,C,0,2298,0,1329,0,0,23,0,3627,23,1329,2298,0,23,3627,23,0.3664185277088503,0.0,0.0,0.0
Phylloglossum_drummondii_mt_1kb,80231,C,0,2931,0,483,0,0,24,0,3414,24,483,2931,0,24,3414,24,0.14147627416520211,0.0,1.4476111807617917e-91,1.8317027702803098e-89
Phylloglossum_drummondii_mt_1kb,80486,C,0,2088,0,873,0,0,12,0,2961,12,873,2088,0,12,2961,12,0.2948328267477204,0.0,0.0,0.0
Phylloglossum_drummondii_mt_1kb,80507,C,0,1105,0,1820,0,0,12,0,2925,12,1820,1105,0,12,2925,12,0.6222222222222222,0.0,0.0,0.0
Phylloglossum_drummondii_mt_1kb,80508,C,0,2660,0,257,0,0,11,0,2917,11,257,2660,0,11,2917,11,0.08810421666095303,0.0,6.527383424975258e-18,7.096001262770639e-16
Phylloglossum_drummondii_mt_1kb,81038,C,0,2716,0,292,0,0,36,0,3008,36,292,2716,0,36,3008,36,0.09707446808510638,0.0,3.0950914081536056e-26,3.4960189805610156e-24
Phylloglossum_drummondii_mt_1kb,81409,C,0,1958,0,638,0,0,24,0,2596,24,638,1958,0,24,2596,24,0.2457627118644068,0.0,2.248263283423748e-247,3.2639285554431724e-245
Phylloglossum_drummondii_mt_1kb,81866,C,0,75,0,26215,0,0,2,0,26290,2,26215,75,0,2,26290,2,0.997147204260175,0.0,0.0,0.0
Phylloglossum_drummondii_mt_1kb,81935,C,0,1195,0,30301,0,0,4,0,31496,4,30301,1195,0,4,31496,4,0.9620586741173482,0.0,0.0,0.0
Phylloglossum_drummondii_mt_1kb,81936,C,0,27142,0,4428,0,0,4,0,31570,4,4428,27142,0,4,31570,4,0.14025974025974025,0.0,0.0,0.0
Phylloglossum_drummondii_mt_1kb,81953,C,0,1790,0,32508,0,0,4,0,34298,4,32508,1790,0,4,34298,4,0.9478103679514841,0.0,0.0,0.0
Phylloglossum_drummondii_mt_1kb,81959,C,0,2977,0,33859,0,0,4,0,36836,4,33859,2977,0,4,36836,4,0.9191823216418721,0.0,0.0,0.0
Phylloglossum_drummondii_mt_1kb,81992,C,0,370,0,43728,0,0,5,0,44098,5,43728,370,0,5,44098,5,0.9916095968071115,0.0,0.0,0.0
Phylloglossum_drummondii_mt_1kb,82046,C,0,489,0,48403,0,0,6,0,48892,6,48403,489,0,6,48892,6,0.9899983637404892,0.0,0.0,0.0
Phylloglossum_drummondii_mt_1kb,92651,C,0,263,0,29,0,0,7,0,292,7,29,263,0,7,292,7,0.09931506849315068,0.0,0.00039387068904086483,0.0386452234749396
Phylloglossum_drummondii_mt_1kb,94550,C,0,138,0,22,0,0,2,0,160,2,22,138,0,2,160,2,0.1375,0.0,1.7645610923320983e-5,0.0017764910597172132
Phylloglossum_drummondii_mt_1kb,96532,C,0,366,0,2092,0,0,5,0,2458,5,2092,366,0,5,2458,5,0.8510984540276648,0.0,0.0,0.0
Phylloglossum_drummondii_mt_1kb,96542,C,0,2021,0,459,0,0,3,0,2480,3,459,2021,0,3,2480,3,0.18508064516129033,0.0,1.4247255722499441e-128,1.8744450561496353e-126
Phylloglossum_drummondii_mt_1kb,96667,C,0,74,0,2590,0,0,3,0,2664,3,2590,74,0,3,2664,3,0.9722222222222222,0.0,0.0,0.0
Phylloglossum_drummondii_mt_1kb,96784,C,0,30,0,1697,0,0,1,0,1727,1,1697,30,0,1,1727,1,0.9826288361320209,0.0,0.0,0.0
Phylloglossum_drummondii_mt_1kb,96785,C,0,32,0,1701,0,0,1,0,1733,1,1701,32,0,1,1733,1,0.981534910559723,0.0,0.0,0.0
Phylloglossum_drummondii_mt_1kb,96830,C,0,223,0,1571,0,0,0,0,1794,0,1571,223,0,0,1794,0,0.8756967670011149,NaN,0.0,0.0
Phylloglossum_drummondii_mt_1kb,96884,C,0,73,0,1599,0,0,1,0,1672,1,1599,73,0,1,1672,1,0.9563397129186603,0.0,0.0,0.0
Phylloglossum_drummondii_mt_1kb,96889,C,0,77,0,1640,0,0,1,0,1717,1,1640,77,0,1,1717,1,0.9551543389633081,0.0,0.0,0.0
Phylloglossum_drummondii_mt_1kb,96916,C,0,81,0,2010,0,0,2,0,2091,2,2010,81,0,2,2091,2,0.9612625538020086,0.0,0.0,0.0
Phylloglossum_drummondii_mt_1kb,96938,C,0,210,0,2147,0,0,2,0,2357,2,2147,210,0,2,2357,2,0.9109036911327959,0.0,0.0,0.0
Phylloglossum_drummondii_mt_1kb,96949,C,0,103,0,2294,0,0,2,0,2397,2,2294,103,0,2,2397,2,0.9570296203587818,0.0,0.0,0.0
Phylloglossum_drummondii_mt_1kb,96950,C,0,102,0,2307,0,0,2,0,2409,2,2307,102,0,2,2409,2,0.9576587795765878,0.0,0.0,0.0
Phylloglossum_drummondii_mt_1kb,99953,C,0,3593,0,375,0,0,8,0,3968,8,375,3593,0,8,3968,8,0.09450604838709678,0.0,6.686288503439972e-31,7.741217672070214e-29
Phylloglossum_drummondii_mt_1kb,99974,C,0,3613,0,250,0,0,10,0,3863,10,250,3613,0,10,3863,10,0.06471654154801967,0.0,3.177433199686481e-5,0.003191976332118886
Phylloglossum_drummondii_mt_1kb,100114,C,0,57,0,6409,0,0,3,0,6466,3,6409,57,0,3,6466,3,0.9911846582121868,0.0,0.0,0.0
Phylloglossum_drummondii_mt_1kb,100129,C,0,171,0,6182,0,0,3,0,6353,3,6182,171,0,3,6353,3,0.9730835825594207,0.0,0.0,0.0
Phylloglossum_drummondii_mt_1kb,100143,C,0,122,0,5785,0,0,1,0,5907,1,5785,122,0,1,5907,1,0.9793465380057559,0.0,0.0,0.0
Phylloglossum_drummondii_mt_1kb,100153,C,0,49,0,6399,0,0,1,0,6448,1,6399,49,0,1,6448,1,0.9924007444168734,0.0,0.0,0.0
Phylloglossum_drummondii_mt_1kb,100246,C,0,465,0,5194,0,0,3,0,5659,3,5194,465,0,3,5659,3,0.91783000530129,0.0,0.0,0.0
Phylloglossum_drummondii_mt_1kb,100366,C,0,78,0,5865,0,0,3,0,5943,3,5865,78,0,3,5943,3,0.9868753154972236,0.0,0.0,0.0
Phylloglossum_drummondii_mt_1kb,100370,C,0,4976,0,1009,0,0,3,0,5985,3,1009,4976,0,3,5985,3,0.16858813700918965,0.0,6.438117975085423e-247,9.317365048255658e-245
Phylloglossum_drummondii_mt_1kb,100387,C,0,179,0,6227,0,0,3,0,6406,3,6227,179,0,3,6406,3,0.9720574461442397,0.0,0.0,0.0
Phylloglossum_drummondii_mt_1kb,100392,C,0,271,0,6386,0,0,3,0,6657,3,6386,271,0,3,6657,3,0.9592909719092685,0.0,0.0,0.0
Phylloglossum_drummondii_mt_1kb,100406,C,0,315,0,6404,0,0,3,0,6719,3,6404,315,0,3,6719,3,0.9531180235154041,0.0,0.0,0.0
Phylloglossum_drummondii_mt_1kb,100408,C,0,498,0,6250,0,0,2,0,6748,2,6250,498,0,2,6748,2,0.9262003556609366,0.0,0.0,0.0
Phylloglossum_drummondii_mt_1kb,100410,C,0,317,0,6436,0,0,2,0,6753,2,6436,317,0,2,6753,2,0.953057900192507,0.0,0.0,0.0
Phylloglossum_drummondii_mt_1kb,100501,C,0,66,0,5395,0,0,1,0,5461,1,5395,66,0,1,5461,1,0.9879143014099981,0.0,0.0,0.0
Phylloglossum_drummondii_mt_1kb,100714,C,0,1102,0,3484,0,0,5,0,4586,5,3484,1102,0,5,4586,5,0.7597034452682075,0.0,0.0,0.0
Phylloglossum_drummondii_mt_1kb,100792,C,0,77,0,6517,0,0,2,0,6594,2,6517,77,0,2,6594,2,0.9883227176220807,0.0,0.0,0.0
Phylloglossum_drummondii_mt_1kb,102545,C,0,141,0,5565,0,0,3,0,5706,3,5565,141,0,3,5706,3,0.9752891692954785,0.0,0.0,0.0
Phylloglossum_drummondii_mt_1kb,102622,C,0,77,0,4150,0,0,2,0,4227,2,4150,77,0,2,4227,2,0.9817837709959782,0.0,0.0,0.0
Phylloglossum_drummondii_mt_1kb,102655,C,0,133,0,5608,0,0,1,0,5741,1,5608,133,0,1,5741,1,0.9768333043023864,0.0,0.0,0.0
Phylloglossum_drummondii_mt_1kb,102736,C,0,499,0,8583,0,0,1,0,9082,1,8583,499,0,1,9082,1,0.9450561550319313,0.0,0.0,0.0
Phylloglossum_drummondii_mt_1kb,102749,C,0,699,0,8551,0,0,1,0,9250,1,8551,699,0,1,9250,1,0.9244324324324324,0.0,0.0,0.0
Phylloglossum_drummondii_mt_1kb,102854,C,0,461,0,12071,0,0,2,0,12532,2,12071,461,0,2,12532,2,0.9632141717203958,0.0,0.0,0.0
Phylloglossum_drummondii_mt_1kb,102855,C,0,6401,0,6220,0,0,2,0,12621,2,6220,6401,0,2,12621,2,0.4928294112986293,0.0,0.0,0.0
Phylloglossum_drummondii_mt_1kb,102932,C,0,171,0,13950,0,0,6,0,14121,6,13950,171,0,6,14121,6,0.9878903760356915,0.0,0.0,0.0
Phylloglossum_drummondii_mt_1kb,103003,C,0,14064,0,2701,0,0,4,0,16765,4,2701,14064,0,4,16765,4,0.1611094542201014,0.0,0.0,0.0
Phylloglossum_drummondii_mt_1kb,103038,C,0,14239,0,1804,0,0,4,0,16043,4,1804,14239,0,4,16043,4,0.11244779654678053,0.0,5.386169887254115e-217,7.581729898134508e-215
Phylloglossum_drummondii_mt_1kb,103141,C,0,9275,0,4769,0,0,2,0,14044,2,4769,9275,0,2,14044,2,0.3395756194816292,0.0,0.0,0.0
Phylloglossum_drummondii_mt_1kb,103910,C,0,750,0,10922,0,0,1,0,11672,1,10922,750,0,1,11672,1,0.9357436600411241,0.0,0.0,0.0
Phylloglossum_drummondii_mt_1kb,103977,C,0,155,0,11443,0,0,2,0,11598,2,11443,155,0,2,11598,2,0.9866356268322124,0.0,0.0,0.0
Phylloglossum_drummondii_mt_1kb,104181,C,0,1081,0,22712,0,0,0,0,23793,0,22712,1081,0,0,23793,0,0.9545664691295759,NaN,0.0,0.0
Phylloglossum_drummondii_mt_1kb,104236,C,0,18554,0,2168,0,0,1,0,20722,1,2168,18554,0,1,20722,1,0.10462310587781103,0.0,1.575641019699922e-220,2.238328566359604e-218
Phylloglossum_drummondii_mt_1kb,104241,C,0,341,0,17788,0,0,1,0,18129,1,17788,341,0,1,18129,1,0.9811903579899608,0.0,0.0,0.0
Phylloglossum_drummondii_mt_1kb,104243,C,0,319,0,17849,0,0,1,0,18168,1,17849,319,0,1,18168,1,0.9824416556583003,0.0,0.0,0.0
Phylloglossum_drummondii_mt_1kb,104266,C,0,17552,0,1587,0,0,1,0,19139,1,1587,17552,0,1,19139,1,0.08291969277391713,0.0,3.833712256940412e-82,4.785526909195887e-80
Phylloglossum_drummondii_mt_1kb,104326,C,0,1758,0,17343,0,0,1,0,19101,1,17343,1758,0,1,19101,1,0.9079629338778075,0.0,0.0,0.0
Phylloglossum_drummondii_mt_1kb,104335,C,0,18680,0,1296,0,0,1,0,19976,1,1296,18680,0,1,19976,1,0.06487785342410893,0.0,1.307280255466108e-20,1.4414632359735936e-18
Phylloglossum_drummondii_mt_1kb,104426,C,0,9448,0,14184,0,0,0,0,23632,0,14184,9448,0,0,23632,0,0.600203114421124,NaN,0.0,0.0
Phylloglossum_drummondii_mt_1kb,104448,C,0,251,0,22183,0,0,0,0,22434,0,22183,251,0,0,22434,0,0.9888116252117322,NaN,0.0,0.0
Phylloglossum_drummondii_mt_1kb,104453,C,0,21002,0,1378,0,0,0,0,22380,0,1378,21002,0,0,22380,0,0.06157283288650581,NaN,8.689375287979995e-15,9.380271770667634e-13
Phylloglossum_drummondii_mt_1kb,104454,C,0,138,0,22354,0,0,0,0,22492,0,22354,138,0,0,22492,0,0.9938644851502757,NaN,0.0,0.0
Phylloglossum_drummondii_mt_1kb,104531,C,0,6378,0,15615,0,0,1,0,21993,1,15615,6378,0,1,21993,1,0.709998635929614,0.0,0.0,0.0
Phylloglossum_drummondii_mt_1kb,120368,C,0,1060,0,738,0,0,4,0,1798,4,738,1060,0,4,1798,4,0.41045606229143494,0.0,0.0,0.0
Phylloglossum_drummondii_mt_1kb,120652,C,0,1580,0,2668,0,0,2,0,4248,2,2668,1580,0,2,4248,2,0.628060263653484,0.0,0.0,0.0
Phylloglossum_drummondii_mt_1kb,120812,C,0,5873,0,506,0,0,3,0,6379,3,506,5873,0,3,6379,3,0.0793227778648691,0.0,1.6769944264586242e-23,1.8896177343972104e-21
Phylloglossum_drummondii_mt_1kb,120813,C,0,5559,0,770,0,0,3,0,6329,3,770,5559,0,3,6329,3,0.12166218991941855,0.0,2.4025258761996882e-110,3.099258380297598e-108
Phylloglossum_drummondii_mt_1kb,121690,C,0,3004,0,16776,0,0,1,0,19780,1,16776,3004,0,1,19780,1,0.8481294236602629,0.0,0.0,0.0
Phylloglossum_drummondii_mt_1kb,121957,C,0,599,0,4490,0,0,1,0,5089,1,4490,599,0,1,5089,1,0.8822951463941835,0.0,0.0,0.0
Phylloglossum_drummondii_mt_1kb,123784,C,0,3512,0,5236,0,0,2,0,8748,2,5236,3512,0,2,8748,2,0.5985368084133517,0.0,0.0,0.0
Phylloglossum_drummondii_mt_1kb,125093,C,0,2048,0,5306,0,0,2,0,7354,2,5306,2048,0,2,7354,2,0.7215121022572749,0.0,0.0,0.0
Phylloglossum_drummondii_mt_1kb,125155,C,0,3917,0,2975,0,0,2,0,6892,2,2975,3917,0,2,6892,2,0.4316598955310505,0.0,0.0,0.0
Phylloglossum_drummondii_mt_1kb,125468,C,0,4177,0,1677,0,0,6,0,5854,6,1677,4177,0,6,5854,6,0.2864707892039631,0.0,0.0,0.0
Phylloglossum_drummondii_mt_1kb,126025,C,0,3403,0,5260,0,0,1,0,8663,1,5260,3403,0,1,8663,1,0.6071799607526261,0.0,0.0,0.0
Phylloglossum_drummondii_mt_1kb,127783,C,0,3059,0,1805,0,0,2,0,4864,2,1805,3059,0,2,4864,2,0.37109375,0.0,0.0,0.0
Phylloglossum_drummondii_mt_1kb,128003,C,0,5499,0,3353,0,0,8,0,8852,8,3353,5499,0,8,8852,8,0.37878445549028467,0.0,0.0,0.0
Phylloglossum_drummondii_mt_1kb,128018,C,0,2274,0,5940,0,0,7,0,8214,7,5940,2274,0,7,8214,7,0.7231555880204529,0.0,0.0,0.0
Phylloglossum_drummondii_mt_1kb,128660,C,0,6774,0,1643,0,0,10,0,8417,10,1643,6774,0,10,8417,10,0.1952001900914815,0.0,0.0,0.0
Phylloglossum_drummondii_mt_1kb,129781,C,0,69,0,6412,0,0,4,0,6481,4,6412,69,0,4,6481,4,0.9893534948310446,0.0,0.0,0.0
Phylloglossum_drummondii_mt_1kb,129793,C,0,149,0,6066,0,0,4,0,6215,4,6066,149,0,4,6215,4,0.9760257441673371,0.0,0.0,0.0
Phylloglossum_drummondii_mt_1kb,129805,C,0,213,0,5840,0,0,4,0,6053,4,5840,213,0,4,6053,4,0.9648108376011895,0.0,0.0,0.0
Phylloglossum_drummondii_mt_1kb,129814,C,0,141,0,5812,0,0,6,0,5953,6,5812,141,0,6,5953,6,0.9763144632958173,0.0,0.0,0.0
Phylloglossum_drummondii_mt_1kb,129823,C,0,92,0,5682,0,0,6,0,5774,6,5682,92,0,6,5774,6,0.9840665050225147,0.0,0.0,0.0
Phylloglossum_drummondii_mt_1kb,129835,C,0,83,0,5511,0,0,6,0,5594,6,5511,83,0,6,5594,6,0.9851626742938863,0.0,0.0,0.0
Phylloglossum_drummondii_mt_1kb,129852,C,0,324,0,5107,0,0,2,0,5431,2,5107,324,0,2,5431,2,0.940342478364942,0.0,0.0,0.0
Phylloglossum_drummondii_mt_1kb,145739,G,0,0,5,0,0,4269,0,284,5,4553,284,4269,0,5,4553,5,0.062376455084559634,0.0,0.00011944572402901348,0.011845076928281892
Phylloglossum_drummondii_mt_1kb,145753,G,0,0,8,0,0,275,0,3658,8,3933,3658,275,0,8,3933,8,0.9300788202390033,0.0,0.0,0.0
Phylloglossum_drummondii_mt_1kb,145819,G,0,0,16,0,0,663,0,2270,16,2933,2270,663,0,16,2933,16,0.7739515854074327,0.0,0.0,0.0
Phylloglossum_drummondii_mt_1kb,145846,G,0,0,17,0,0,571,0,2650,17,3221,2650,571,0,17,3221,17,0.8227258615336852,0.0,0.0,0.0
Phylloglossum_drummondii_mt_1kb,145901,G,0,0,16,0,0,2463,0,604,16,3067,604,2463,0,16,3067,16,0.19693511574828823,0.0,3.1748878122482455e-182,4.4021625590727095e-180
Phylloglossum_drummondii_mt_1kb,145906,G,0,0,16,0,0,290,0,2750,16,3040,2750,290,0,16,3040,16,0.9046052631578947,0.0,0.0,0.0
Phylloglossum_drummondii_mt_1kb,145955,G,0,0,6,0,0,437,0,2367,6,2804,2367,437,0,6,2804,6,0.844151212553495,0.0,0.0,0.0
Phylloglossum_drummondii_mt_1kb,145960,G,0,0,4,0,0,540,0,2462,4,3002,2462,540,0,4,3002,4,0.8201199200532978,0.0,0.0,0.0
Phylloglossum_drummondii_mt_1kb,145962,G,0,0,5,0,0,2119,0,902,5,3021,902,2119,0,5,3021,5,0.2985766302548825,0.0,0.0,0.0
Phylloglossum_drummondii_mt_1kb,145967,G,0,0,4,0,0,377,0,2689,4,3066,2689,377,0,4,3066,4,0.8770384866275277,0.0,0.0,0.0
Phylloglossum_drummondii_mt_1kb,146140,G,0,0,6,0,0,2273,0,180,6,2453,180,2273,0,6,2453,6,0.07337953526294333,0.0,3.624725454542065e-7,3.705621645150057e-5
Phylloglossum_drummondii_mt_1kb,146191,G,0,0,8,0,0,695,0,1386,8,2081,1386,695,0,8,2081,8,0.6660259490629505,0.0,0.0,0.0
Phylloglossum_drummondii_mt_1kb,146252,G,0,0,7,0,0,1789,0,219,7,2008,219,1789,0,7,2008,7,0.10906374501992032,0.0,2.4621299138139778e-26,2.787865487497289e-24
Phylloglossum_drummondii_mt_1kb,146292,G,0,0,8,0,0,1485,0,537,8,2022,537,1485,0,8,2022,8,0.2655786350148368,0.0,8.259946079883087e-226,1.1806369225477336e-223
Phylloglossum_drummondii_mt_1kb,146388,G,0,0,13,0,0,1872,0,164,13,2036,164,1872,0,13,2036,13,0.08055009823182711,0.0,3.241692608504426e-9,3.404218285543049e-7
Phylloglossum_drummondii_mt_1kb,146417,G,0,0,13,0,0,655,0,1342,13,1997,1342,655,0,13,1997,13,0.6720080120180271,0.0,0.0,0.0
Phylloglossum_drummondii_mt_1kb,146423,G,0,0,12,0,0,1663,0,372,12,2035,372,1663,0,12,2035,12,0.1828009828009828,0.0,6.157122906558474e-103,7.876865163691423e-101
Phylloglossum_drummondii_mt_1kb,146981,G,0,0,13,0,0,588,0,907,13,1495,907,588,0,13,1495,13,0.6066889632107023,0.0,0.0,0.0
Phylloglossum_drummondii_mt_1kb,147336,G,0,0,7,0,0,1439,0,138,7,1577,138,1439,0,7,1577,7,0.08750792644261256,0.0,3.29436347863113e-10,3.483225275317038e-8
Phylloglossum_drummondii_mt_1kb,149180,G,0,0,27,0,0,1869,0,456,27,2325,456,1869,0,27,2325,27,0.19612903225806452,0.0,2.1246811175781772e-137,2.803307898466181e-135
Phylloglossum_drummondii_mt_1kb,149192,G,0,0,23,0,0,420,0,2034,23,2454,2034,420,0,23,2454,23,0.8288508557457213,0.0,0.0,0.0
Phylloglossum_drummondii_mt_1kb,149346,G,0,0,24,0,0,559,0,716,24,1275,716,559,0,24,1275,24,0.5615686274509804,0.0,0.0,0.0
Phylloglossum_drummondii_mt_1kb,149349,G,0,0,23,0,0,1159,0,129,23,1288,129,1159,0,23,1288,23,0.10015527950310558,0.0,1.6681143227006108e-13,1.7841118336856347e-11
Phylloglossum_drummondii_mt_1kb,149577,G,0,0,12,0,0,901,0,105,12,1006,105,901,0,12,1006,12,0.10437375745526839,0.0,2.3501880548614768e-12,2.502058827785974e-10
Phylloglossum_drummondii_mt_1kb,150837,G,0,0,10,0,0,1240,0,109,10,1349,109,1240,0,10,1349,10,0.08080059303187546,0.0,1.026546084183896e-6,0.0001044843422080009
Phylloglossum_drummondii_mt_1kb,150858,G,0,0,13,0,0,1305,0,126,13,1431,126,1305,0,13,1431,13,0.0880503144654088,0.0,1.2736528713546476e-9,1.3405485937569337e-7
Phylloglossum_drummondii_mt_1kb,150870,G,0,0,13,0,0,1288,0,101,13,1389,101,1288,0,13,1389,13,0.07271418286537078,0.0,0.00015245731187646543,0.015054265608339
Phylloglossum_drummondii_mt_1kb,150903,G,0,0,13,0,0,341,0,940,13,1281,940,341,0,13,1281,13,0.7338017174082748,0.0,0.0,0.0
Phylloglossum_drummondii_mt_1kb,151092,G,0,0,6,0,0,252,0,887,6,1139,887,252,0,6,1139,6,0.7787532923617209,0.0,0.0,0.0
Phylloglossum_drummondii_mt_1kb,151311,G,0,0,5,0,0,282,0,764,5,1046,764,282,0,5,1046,5,0.7304015296367112,0.0,0.0,0.0
Phylloglossum_drummondii_mt_1kb,151332,G,0,0,9,0,0,237,0,655,9,892,655,237,0,9,892,9,0.734304932735426,0.0,0.0,0.0
Phylloglossum_drummondii_mt_1kb,152208,G,0,0,4,0,0,110,0,1472,4,1582,1472,110,0,4,1582,4,0.9304677623261695,0.0,0.0,0.0
Phylloglossum_drummondii_mt_1kb,152415,G,0,0,6,0,0,461,0,862,6,1323,862,461,0,6,1323,6,0.6515495086923658,0.0,0.0,0.0
Phylloglossum_drummondii_mt_1kb,152541,G,0,0,4,0,0,172,0,638,4,810,638,172,0,4,810,4,0.7876543209876543,0.0,0.0,0.0
Phylloglossum_drummondii_mt_1kb,152812,G,0,0,16,0,0,160,0,416,16,576,416,160,0,16,576,16,0.7222222222222222,0.0,0.0,0.0
Phylloglossum_drummondii_mt_1kb,152839,G,0,0,16,0,0,135,0,377,16,512,377,135,0,16,512,16,0.736328125,0.0,0.0,0.0
Phylloglossum_drummondii_mt_1kb,153170,G,0,0,2,0,0,471,0,424,2,895,424,471,0,2,895,2,0.47374301675977654,0.0,1.6193678614566002e-295,2.3883613067489368e-293
Phylloglossum_drummondii_mt_1kb,158261,G,0,0,8,0,0,253,0,761,8,1014,761,253,0,8,1014,8,0.7504930966469427,0.0,0.0,0.0
Phylloglossum_drummondii_mt_1kb,158336,G,0,0,8,0,0,845,0,123,8,968,123,845,0,8,968,8,0.12706611570247933,0.0,1.0039642856640359e-20,1.1123107663489753e-18
Phylloglossum_drummondii_mt_1kb,159963,G,0,0,2,0,0,313,0,254,2,567,254,313,0,2,567,2,0.4479717813051146,0.0,2.95549194698257e-170,4.0256408104914646e-168
Phylloglossum_drummondii_mt_1kb,160530,G,0,0,11,0,0,528,0,314,11,842,314,528,0,11,842,11,0.37292161520190026,0.0,5.42673486276623e-181,7.50201546953931e-179
Phylloglossum_drummondii_mt_1kb,160882,G,0,0,2,0,0,464,0,560,2,1024,560,464,0,2,1024,2,0.546875,0.0,0.0,0.0
Phylloglossum_drummondii_mt_1kb,161917,G,0,0,3,0,0,273,0,111,3,384,111,273,0,3,384,3,0.2890625,0.0,3.1306261603677027e-52,3.727054707269632e-50
Phylloglossum_drummondii_mt_1kb,163906,G,0,0,1,0,0,220,0,1376,1,1596,1376,220,0,1,1596,1,0.8621553884711779,0.0,0.0,0.0
Phylloglossum_drummondii_mt_1kb,163926,G,0,0,3,0,0,492,0,1005,3,1497,1005,492,0,3,1497,3,0.6713426853707415,0.0,0.0,0.0
Phylloglossum_drummondii_mt_1kb,165546,G,0,0,5,0,0,975,0,93,5,1068,93,975,0,5,1068,5,0.08707865168539326,0.0,2.646494303896103e-7,2.723595504616276e-5
Phylloglossum_drummondii_mt_1kb,165664,G,0,0,6,0,0,155,0,595,6,750,595,155,0,6,750,6,0.7933333333333333,0.0,0.0,0.0
Phylloglossum_drummondii_mt_1kb,166395,G,0,0,6,0,0,1246,0,284,6,1530,284,1246,0,6,1530,6,0.18562091503267975,0.0,1.2682324248158939e-80,1.5788470920873348e-78
Phylloglossum_drummondii_mt_1kb,171484,C,0,132,0,25,0,0,3,0,157,3,25,132,0,3,157,3,0.1592356687898089,0.0,3.1367953054554076e-7,3.213896623693482e-5
Phylloglossum_drummondii_mt_1kb,171485,C,0,6,0,150,0,0,3,0,156,3,150,6,0,3,156,3,0.9615384615384616,0.0,9.373626425104806e-186,1.3075361848585202e-183
Phylloglossum_drummondii_mt_1kb,171507,C,0,111,0,43,0,0,3,0,154,3,43,111,0,3,154,3,0.2792207792207792,0.0,1.2797554465170563e-20,1.4144810139296276e-18
Phylloglossum_drummondii_mt_1kb,176622,G,0,0,14,0,0,263,0,10860,14,11123,10860,263,0,14,11123,14,0.9763552998291828,0.0,0.0,0.0
Phylloglossum_drummondii_mt_1kb,177495,G,0,0,4,0,0,265,0,9622,4,9887,9622,265,0,4,9887,4,0.9731971275412158,0.0,0.0,0.0
Phylloglossum_drummondii_mt_1kb,177512,G,0,0,8,0,0,5456,0,3880,8,9336,3880,5456,0,8,9336,8,0.4155955441302485,0.0,0.0,0.0
Phylloglossum_drummondii_mt_1kb,179148,G,0,0,9,0,0,915,0,126,9,1041,126,915,0,9,1041,9,0.12103746397694524,0.0,1.9526738577706697e-19,2.147987625349584e-17
Phylloglossum_drummondii_mt_1kb,181235,G,0,0,1,0,0,632,0,73,1,705,73,632,0,1,705,1,0.10354609929078014,0.0,6.185552237388261e-9,6.466345590647579e-7
Phylloglossum_drummondii_mt_1kb,184530,G,0,0,8,0,0,235,0,3731,8,3966,3731,235,0,8,3966,8,0.9407463439233484,0.0,0.0,0.0
Phylloglossum_drummondii_mt_1kb,184554,G,0,0,8,0,0,525,0,3151,8,3676,3151,525,0,8,3676,8,0.8571817192600653,0.0,0.0,0.0
Phylloglossum_drummondii_mt_1kb,184581,G,0,0,8,0,0,318,0,2991,8,3309,2991,318,0,8,3309,8,0.9038984587488668,0.0,0.0,0.0
Phylloglossum_drummondii_mt_1kb,184621,G,0,0,7,0,0,135,0,2413,7,2548,2413,135,0,7,2548,7,0.9470172684458399,0.0,0.0,0.0
Phylloglossum_drummondii_mt_1kb,185472,G,0,0,5,0,0,1840,0,315,5,2155,315,1840,0,5,2155,5,0.14617169373549885,0.0,1.1962268257227226e-63,1.4540278353292652e-61
Phylloglossum_drummondii_mt_1kb,185595,G,0,0,4,0,0,1648,0,141,4,1789,141,1648,0,4,1789,4,0.07881498043599776,0.0,1.3305753753732918e-7,1.3754525939489402e-5
Phylloglossum_drummondii_mt_1kb,185895,G,0,0,7,0,0,104,0,1031,7,1135,1031,104,0,7,1135,7,0.9083700440528635,0.0,0.0,0.0
Phylloglossum_drummondii_mt_1kb,185897,G,0,0,7,0,0,93,0,1041,7,1134,1041,93,0,7,1134,7,0.917989417989418,0.0,0.0,0.0
Phylloglossum_drummondii_mt_1kb,185933,G,0,0,3,0,0,74,0,893,3,967,893,74,0,3,967,3,0.9234746639089969,0.0,0.0,0.0
Phylloglossum_drummondii_mt_1kb,185964,G,0,0,3,0,0,73,0,902,3,975,902,73,0,3,975,3,0.9251282051282051,0.0,0.0,0.0
Phylloglossum_drummondii_mt_1kb,185991,G,0,0,5,0,0,51,0,1075,5,1126,1075,51,0,5,1126,5,0.9547069271758437,0.0,0.0,0.0
Phylloglossum_drummondii_mt_1kb,186152,G,0,0,15,0,0,129,0,920,15,1049,920,129,0,15,1049,15,0.877025738798856,0.0,0.0,0.0
Phylloglossum_drummondii_mt_1kb,187540,G,0,0,10,0,0,1389,0,7571,10,8960,7571,1389,0,10,8960,10,0.8449776785714286,0.0,0.0,0.0
Phylloglossum_drummondii_mt_1kb,187884,G,0,0,6,0,0,1714,0,2026,6,3740,2026,1714,0,6,3740,6,0.5417112299465241,0.0,0.0,0.0
Phylloglossum_drummondii_mt_1kb,188083,G,0,0,7,0,0,856,0,1610,7,2466,1610,856,0,7,2466,7,0.6528791565287916,0.0,0.0,0.0
Phylloglossum_drummondii_mt_1kb,191368,G,0,0,5,0,0,361,0,2358,5,2719,2358,361,0,5,2719,5,0.8672305994851048,0.0,0.0,0.0
Phylloglossum_drummondii_mt_1kb,191387,G,0,0,5,0,0,2008,0,638,5,2646,638,2008,0,5,2646,5,0.24111866969009826,0.0,1.9782986846059242e-242,2.845248148533694e-240
Phylloglossum_drummondii_mt_1kb,191457,G,0,0,14,0,0,207,0,1992,14,2199,1992,207,0,14,2199,14,0.9058663028649386,0.0,0.0,0.0
Phylloglossum_drummondii_mt_1kb,191458,G,0,0,14,0,0,284,0,1917,14,2201,1917,284,0,14,2201,14,0.8709677419354839,0.0,0.0,0.0
Phylloglossum_drummondii_mt_1kb,191497,G,0,0,16,0,0,698,0,1333,16,2031,1333,698,0,16,2031,16,0.6563269325455441,0.0,0.0,0.0
Phylloglossum_drummondii_mt_1kb,191526,G,0,0,17,0,0,580,0,1446,17,2026,1446,580,0,17,2026,17,0.7137216189536032,0.0,0.0,0.0
Phylloglossum_drummondii_mt_1kb,191540,G,0,0,17,0,0,2013,0,318,17,2331,318,2013,0,17,2331,17,0.1364221364221364,0.0,2.0802871413711117e-57,2.5154093421419726e-55
Phylloglossum_drummondii_mt_1kb,191541,G,0,0,17,0,0,2048,0,277,17,2325,277,2048,0,17,2325,17,0.11913978494623656,0.0,2.370362971843942e-39,2.7861390758645887e-37
Phylloglossum_drummondii_mt_1kb,191545,G,0,0,17,0,0,387,0,2089,17,2476,2089,387,0,17,2476,17,0.8436995153473344,0.0,0.0,0.0
Phylloglossum_drummondii_mt_1kb,191546,G,0,0,17,0,0,562,0,1952,17,2514,1952,562,0,17,2514,17,0.7764518695306285,0.0,0.0,0.0
Phylloglossum_drummondii_mt_1kb,191547,G,0,0,18,0,0,468,0,2091,18,2559,2091,468,0,18,2559,18,0.8171160609613131,0.0,0.0,0.0
Phylloglossum_drummondii_mt_1kb,191647,G,0,0,10,0,0,558,0,3740,10,4298,3740,558,0,10,4298,10,0.8701721731037692,0.0,0.0,0.0
Phylloglossum_drummondii_mt_1kb,191747,G,0,0,30,0,0,4172,0,943,30,5115,943,4172,0,30,5115,30,0.18435972629521016,0.0,1.475310036885e-260,2.155302306567231e-258
Phylloglossum_drummondii_mt_1kb,203558,C,0,260,0,65,0,0,49,0,325,49,65,260,0,49,325,49,0.2,0.0,1.2987668321504371e-21,1.449329897920937e-19
Phylloglossum_drummondii_mt_1kb,203559,C,0,280,0,43,0,0,51,0,323,51,43,280,0,51,323,51,0.13312693498452013,0.0,6.857130657615374e-9,7.152265267676251e-7
Phylloglossum_drummondii_mt_1kb,203560,C,0,274,0,32,0,0,53,0,306,53,32,274,0,53,306,53,0.10457516339869281,0.0,7.918707162073148e-5,0.007886521449091818
Phylloglossum_drummondii_mt_1kb,224505,G,0,0,10,0,0,192,0,519,10,711,519,192,0,10,711,10,0.729957805907173,0.0,0.0,0.0
Phylloglossum_drummondii_mt_1kb,224768,G,0,0,7,0,0,479,0,81,7,560,81,479,0,7,560,7,0.14464285714285716,0.0,2.004396353421885e-17,2.1739016281808175e-15
Phylloglossum_drummondii_mt_1kb,225121,G,0,0,13,0,0,157,0,325,13,482,325,157,0,13,482,13,0.6742738589211619,0.0,2.3856936641908955e-296,3.5298357598193155e-294
Phylloglossum_drummondii_mt_1kb,225692,G,0,0,3,0,0,206,0,54,3,260,54,206,0,3,260,3,0.2076923076923077,0.0,5.2715406191969e-19,5.771402307698053e-17
Phylloglossum_drummondii_mt_1kb,226667,G,0,0,5,0,0,74,0,64,5,138,64,74,0,5,138,5,0.463768115942029,0.0,2.1350678171580442e-45,2.528826743744404e-43
Phylloglossum_drummondii_mt_1kb,227361,G,0,0,6,0,0,92,0,32,6,124,32,92,0,6,124,6,0.25806451612903225,0.0,1.1193200283356375e-14,1.2055076705174817e-12
Phylloglossum_drummondii_mt_1kb,227597,G,0,0,9,0,0,37,0,80,9,117,80,37,0,9,117,9,0.6837606837606838,0.0,5.119779330861187e-75,6.339628358061829e-73
Phylloglossum_drummondii_mt_1kb,234471,G,0,0,9,0,0,7742,0,525,9,8267,525,7742,0,9,8267,9,0.06350550381033022,0.0,3.2999839640885056e-8,3.434282187885456e-6
Phylloglossum_drummondii_mt_1kb,234694,G,0,0,9,0,0,216,0,4742,9,4958,4742,216,0,9,4958,9,0.9564340459862848,0.0,0.0,0.0
Phylloglossum_drummondii_mt_1kb,234703,G,0,0,9,0,0,144,0,3835,9,3979,3835,144,0,9,3979,9,0.9638100025131943,0.0,0.0,0.0
Phylloglossum_drummondii_mt_1kb,234708,G,0,0,8,0,0,139,0,3934,8,4073,3934,139,0,8,4073,8,0.9658728210164498,0.0,0.0,0.0
Phylloglossum_drummondii_mt_1kb,234709,G,0,0,8,0,0,145,0,3904,8,4049,3904,145,0,8,4049,8,0.9641886885650778,0.0,0.0,0.0
Phylloglossum_drummondii_mt_1kb,234710,G,0,0,8,0,0,157,0,3934,8,4091,3934,157,0,8,4091,8,0.9616230750427768,0.0,0.0,0.0
Phylloglossum_drummondii_mt_1kb,234712,G,0,0,7,0,0,198,0,3923,7,4121,3923,198,0,7,4121,7,0.9519534093666586,0.0,0.0,0.0
Phylloglossum_drummondii_mt_1kb,234714,G,0,0,7,0,0,177,0,3910,7,4087,3910,177,0,7,4087,7,0.9566919500856373,0.0,0.0,0.0
Phylloglossum_drummondii_mt_1kb,234715,G,0,0,7,0,0,204,0,3875,7,4079,3875,204,0,7,4079,7,0.9499877420936504,0.0,0.0,0.0
Phylloglossum_drummondii_mt_1kb,234718,G,0,0,8,0,0,159,0,3885,8,4044,3885,159,0,8,4044,8,0.9606824925816023,0.0,0.0,0.0
Phylloglossum_drummondii_mt_1kb,234814,G,0,0,8,0,0,135,0,4851,8,4986,4851,135,0,8,4986,8,0.9729241877256317,0.0,0.0,0.0
Phylloglossum_drummondii_mt_1kb,234820,G,0,0,8,0,0,188,0,4810,8,4998,4810,188,0,8,4998,8,0.9623849539815926,0.0,0.0,0.0
Phylloglossum_drummondii_mt_1kb,234932,G,0,0,1,0,0,596,0,3256,1,3852,3256,596,0,1,3852,1,0.8452751817237798,0.0,0.0,0.0
Phylloglossum_drummondii_mt_1kb,237209,G,0,0,0,0,0,207,0,1442,0,1649,1442,207,0,0,1649,0,0.8744693753790176,NaN,0.0,0.0
Phylloglossum_drummondii_mt_1kb,237229,G,0,0,0,0,0,489,0,913,0,1402,913,489,0,0,1402,0,0.6512125534950072,NaN,0.0,0.0
Phylloglossum_drummondii_mt_1kb,248590,G,0,0,5,0,0,591,0,11623,5,12214,11623,591,0,5,12214,5,0.9516129032258065,0.0,0.0,0.0
Phylloglossum_drummondii_mt_1kb,248644,G,0,0,8,0,0,856,0,9356,8,10212,9356,856,0,8,10212,8,0.9161770466118292,0.0,0.0,0.0
Phylloglossum_drummondii_mt_1kb,248783,G,0,0,16,0,0,2462,0,5495,16,7957,5495,2462,0,16,7957,16,0.6905869046122911,0.0,0.0,0.0
Phylloglossum_drummondii_mt_1kb,248855,G,0,0,13,0,0,6984,0,575,13,7559,575,6984,0,13,7559,13,0.07606826299775103,0.0,1.9303933549664587e-22,2.1593827696099435e-20
Phylloglossum_drummondii_mt_1kb,250991,G,0,0,8,0,0,825,0,103,8,928,103,825,0,8,928,8,0.11099137931034483,0.0,9.03151513415544e-14,9.681909661524828e-12
Phylloglossum_drummondii_mt_1kb,252925,G,0,0,5,0,0,2744,0,515,5,3259,515,2744,0,5,3259,5,0.1580239337220006,0.0,7.999740960870315e-116,1.034849172175601e-113
Phylloglossum_drummondii_mt_1kb,253391,G,0,0,4,0,0,2671,0,445,4,3116,445,2671,0,4,3116,4,0.14281129653401797,0.0,7.928638154451052e-86,9.950763186200072e-84
Phylloglossum_drummondii_mt_1kb,255285,G,0,0,7,0,0,2894,0,397,7,3291,397,2894,0,7,3291,7,0.12063202673959283,0.0,6.181153070407524e-57,7.4545671834282e-55
Phylloglossum_drummondii_mt_1kb,255292,G,0,0,6,0,0,2082,0,1312,6,3394,1312,2082,0,6,3394,6,0.3865645256334708,0.0,0.0,0.0
Phylloglossum_drummondii_mt_1kb,257660,G,0,0,0,0,0,203,0,5621,0,5824,5621,203,0,0,5824,0,0.9651442307692307,NaN,0.0,0.0
Phylloglossum_drummondii_mt_1kb,257726,G,0,0,0,0,0,259,0,4815,0,5074,4815,259,0,0,5074,0,0.948955459203784,NaN,0.0,0.0
Phylloglossum_drummondii_mt_1kb,257825,G,0,0,5,0,0,225,0,4444,5,4669,4444,225,0,5,4669,5,0.9518098093810238,0.0,0.0,0.0
Phylloglossum_drummondii_mt_1kb,258047,G,0,0,3,0,0,447,0,5815,3,6262,5815,447,0,3,6262,3,0.9286170552539125,0.0,0.0,0.0
Phylloglossum_drummondii_mt_1kb,258050,G,0,0,3,0,0,394,0,5825,3,6219,5825,394,0,3,6219,3,0.9366457629844026,0.0,0.0,0.0
Phylloglossum_drummondii_mt_1kb,258092,G,0,0,2,0,0,218,0,5726,2,5944,5726,218,0,2,5944,2,0.9633243606998654,0.0,0.0,0.0
Phylloglossum_drummondii_mt_1kb,258145,G,0,0,1,0,0,3179,0,2918,1,6097,2918,3179,0,1,6097,1,0.4785960308348368,0.0,0.0,0.0
Phylloglossum_drummondii_mt_1kb,258194,G,0,0,0,0,0,522,0,4485,0,5007,4485,522,0,0,5007,0,0.895745955662073,NaN,0.0,0.0
Phylloglossum_drummondii_mt_1kb,258197,G,0,0,0,0,0,400,0,4585,0,4985,4585,400,0,0,4985,0,0.9197592778335005,NaN,0.0,0.0
Phylloglossum_drummondii_mt_1kb,258198,G,0,0,0,0,0,478,0,4498,0,4976,4498,478,0,0,4976,0,0.9039389067524116,NaN,0.0,0.0
Phylloglossum_drummondii_mt_1kb,258199,G,0,0,0,0,0,490,0,4471,0,4961,4471,490,0,0,4961,0,0.9012295908083048,NaN,0.0,0.0
Phylloglossum_drummondii_mt_1kb,258200,G,0,0,0,0,0,323,0,4630,0,4953,4630,323,0,0,4953,0,0.9347869977791238,NaN,0.0,0.0
Phylloglossum_drummondii_mt_1kb,258268,G,0,0,1,0,0,5073,0,450,1,5523,450,5073,0,1,5523,1,0.08147745790331341,0.0,3.067086069246921e-23,3.44756851827413e-21
Phylloglossum_drummondii_mt_1kb,258317,G,0,0,3,0,0,427,0,4386,3,4813,4386,427,0,3,4813,3,0.9112819447330147,0.0,0.0,0.0
Phylloglossum_drummondii_mt_1kb,258330,G,0,0,3,0,0,312,0,4173,3,4485,4173,312,0,3,4485,3,0.9304347826086956,0.0,0.0,0.0
Phylloglossum_drummondii_mt_1kb,258434,G,0,0,2,0,0,171,0,3114,2,3285,3114,171,0,2,3285,2,0.947945205479452,0.0,0.0,0.0
Phylloglossum_drummondii_mt_1kb,259444,G,0,0,1,0,0,2721,0,297,1,3018,297,2721,0,1,3018,1,0.09840954274353876,0.0,1.3730091522077633e-27,1.5622954999482489e-25
Phylloglossum_drummondii_mt_1kb,259458,G,0,0,1,0,0,160,0,2828,1,2988,2828,160,0,1,2988,1,0.9464524765729585,0.0,0.0,0.0
Phylloglossum_drummondii_mt_1kb,259459,G,0,0,1,0,0,136,0,2853,1,2989,2853,136,0,1,2989,1,0.9544998327199732,0.0,0.0,0.0
Phylloglossum_drummondii_mt_1kb,259542,G,0,0,3,0,0,232,0,2277,3,2509,2277,232,0,3,2509,3,0.9075328816261459,0.0,0.0,0.0
Phylloglossum_drummondii_mt_1kb,259640,G,0,0,10,0,0,2723,0,208,10,2931,208,2723,0,10,2931,10,0.0709655407710679,0.0,5.120417102821401e-7,5.2231637984308796e-5
Phylloglossum_drummondii_mt_1kb,259815,G,0,0,6,0,0,380,0,1460,6,1840,1460,380,0,6,1840,6,0.7934782608695652,0.0,0.0,0.0
Phylloglossum_drummondii_mt_1kb,261072,G,0,0,6,0,0,308,0,1206,6,1514,1206,308,0,6,1514,6,0.7965653896961691,0.0,0.0,0.0
Phylloglossum_drummondii_mt_1kb,261345,G,0,0,7,0,0,489,0,1442,7,1931,1442,489,0,7,1931,7,0.7467633350595546,0.0,0.0,0.0
Phylloglossum_drummondii_mt_1kb,261387,G,0,0,7,0,0,290,0,1454,7,1744,1454,290,0,7,1744,7,0.8337155963302753,0.0,0.0,0.0
Phylloglossum_drummondii_mt_1kb,261438,G,0,0,3,0,0,390,0,1266,3,1656,1266,390,0,3,1656,3,0.7644927536231884,0.0,0.0,0.0
Phylloglossum_drummondii_mt_1kb,261575,G,0,0,2,0,0,208,0,794,2,1002,794,208,0,2,1002,2,0.7924151696606786,0.0,0.0,0.0
Phylloglossum_drummondii_mt_1kb,261903,G,0,0,3,0,0,1235,0,269,3,1504,269,1235,0,3,1504,3,0.17885638297872342,0.0,6.735546645588768e-73,8.318130685436305e-71
Phylloglossum_drummondii_mt_1kb,261935,G,0,0,3,0,0,1289,0,178,3,1467,178,1289,0,3,1467,3,0.12133605998636673,0.0,7.483164441179215e-27,8.493941873417907e-25
Phylloglossum_drummondii_mt_1kb,262512,G,0,0,2,0,0,227,0,283,2,510,283,227,0,2,510,2,0.5549019607843138,0.0,3.2237403525746225e-223,4.593681214402565e-221
Phylloglossum_drummondii_mt_1kb,262757,G,0,0,5,0,0,634,0,122,5,756,122,634,0,5,756,5,0.16137566137566137,0.0,9.674067436564344e-30,1.111701580780971e-27
Phylloglossum_drummondii_mt_1kb,263787,G,0,0,3,0,0,680,0,264,3,944,264,680,0,3,944,3,0.2796610169491525,0.0,7.384853163734877e-118,9.633800982133123e-116
Phylloglossum_drummondii_mt_1kb,263834,G,0,0,2,0,0,623,0,253,2,876,253,623,0,2,876,2,0.2888127853881279,0.0,1.4874510811156976e-116,1.9295615411078173e-114
Phylloglossum_drummondii_mt_1kb,269567,C,0,130,0,23,0,0,13,0,153,13,23,130,0,13,153,13,0.1503267973856209,0.0,2.525318581992621e-6,0.0002559081594106352
Phylloglossum_drummondii_mt_1kb,275238,C,0,130,0,421,0,0,13,0,551,13,421,130,0,13,551,13,0.764065335753176,0.0,0.0,0.0
Phylloglossum_drummondii_mt_1kb,276422,C,0,994,0,84,0,0,8,0,1078,8,84,994,0,8,1078,8,0.07792207792207792,0.0,5.63608919182128e-5,0.005637428219491043
Phylloglossum_drummondii_mt_1kb,277179,C,0,431,0,1283,0,0,11,0,1714,11,1283,431,0,11,1714,11,0.748541423570595,0.0,0.0,0.0
Phylloglossum_drummondii_mt_1kb,277254,C,0,371,0,1289,0,0,13,0,1660,13,1289,371,0,13,1660,13,0.7765060240963856,0.0,0.0,0.0
Phylloglossum_drummondii_mt_1kb,277276,C,0,1735,0,131,0,0,13,0,1866,13,131,1735,0,13,1866,13,0.07020364415862808,0.0,8.772211569102632e-5,0.00871780879778352
Phylloglossum_drummondii_mt_1kb,277612,C,0,1823,0,1223,0,0,6,0,3046,6,1223,1823,0,6,3046,6,0.40151017728168087,0.0,0.0,0.0
Phylloglossum_drummondii_mt_1kb,278036,C,0,379,0,1792,0,0,12,0,2171,12,1792,379,0,12,2171,12,0.8254260709350529,0.0,0.0,0.0
Phylloglossum_drummondii_mt_1kb,278052,C,0,1989,0,286,0,0,10,0,2275,10,286,1989,0,10,2275,10,0.12571428571428572,0.0,6.6582042152177e-45,7.866022842115993e-43
Phylloglossum_drummondii_mt_1kb,278080,C,0,300,0,2363,0,0,10,0,2663,10,2363,300,0,10,2663,10,0.8873450995118287,0.0,0.0,0.0
Phylloglossum_drummondii_mt_1kb,278140,C,0,2263,0,732,0,0,5,0,2995,5,732,2263,0,5,2995,5,0.24440734557595994,0.0,7.520366074366501e-282,1.1056370579999589e-279
Phylloglossum_drummondii_mt_1kb,278141,C,0,386,0,2615,0,0,5,0,3001,5,2615,386,0,5,3001,5,0.8713762079306898,0.0,0.0,0.0
Phylloglossum_drummondii_mt_1kb,278195,C,0,164,0,3350,0,0,4,0,3514,4,3350,164,0,4,3514,4,0.9533295389869095,0.0,0.0,0.0
Phylloglossum_drummondii_mt_1kb,278258,C,0,310,0,3678,0,0,2,0,3988,2,3678,310,0,2,3988,2,0.9222668004012036,0.0,0.0,0.0
Phylloglossum_drummondii_mt_1kb,278400,C,0,3758,0,251,0,0,8,0,4009,8,251,3758,0,8,4009,8,0.06260912945871788,0.0,0.00022604938171381976,0.02227355939691214
Phylloglossum_drummondii_mt_1kb,278601,C,0,4793,0,455,0,0,11,0,5248,11,455,4793,0,11,5248,11,0.08669969512195122,0.0,7.611126136405762e-29,8.681745381849439e-27
Phylloglossum_drummondii_mt_1kb,279346,C,0,1114,0,2676,0,0,16,0,3790,16,2676,1114,0,16,3790,16,0.7060686015831135,0.0,0.0,0.0
Phylloglossum_drummondii_mt_1kb,279975,C,0,3423,0,333,0,0,13,0,3756,13,333,3423,0,13,3756,13,0.08865814696485623,0.0,4.168354072810884e-23,4.674107638400602e-21
Phylloglossum_drummondii_mt_1kb,280488,C,0,3028,0,358,0,0,16,0,3386,16,358,3028,0,16,3386,16,0.10572947430596574,0.0,4.681795109875646e-39,5.489078818568381e-37
Phylloglossum_drummondii_mt_1kb,280673,C,0,3981,0,355,0,0,26,0,4336,26,355,3981,0,26,4336,26,0.08187269372693727,0.0,4.994510649393451e-19,5.481061201044079e-17
Phylloglossum_drummondii_mt_1kb,280681,C,0,4024,0,484,0,0,27,0,4508,27,484,4024,0,27,4508,27,0.10736468500443656,0.0,5.541315992443175e-54,6.648287174249634e-52
Phylloglossum_drummondii_mt_1kb,280730,C,0,4688,0,332,0,0,30,0,5020,30,332,4688,0,30,5020,30,0.06613545816733067,0.0,3.037581063928922e-7,3.119144493383865e-5
Phylloglossum_drummondii_mt_1kb,281008,C,0,5038,0,856,0,0,13,0,5894,13,856,5038,0,13,5894,13,0.14523243976925687,0.0,1.1024426314221631e-167,1.497220548498293e-165
Phylloglossum_drummondii_mt_1kb,281011,C,0,4380,0,1425,0,0,13,0,5805,13,1425,4380,0,13,5805,13,0.2454780361757106,0.0,0.0,0.0
Phylloglossum_drummondii_mt_1kb,281105,C,0,8657,0,742,0,0,8,0,9399,8,742,8657,0,8,9399,8,0.07894456857112458,0.0,5.603869194296016e-33,6.520622770277457e-31
Phylloglossum_drummondii_mt_1kb,281534,C,0,2007,0,6293,0,0,2,0,8300,2,6293,2007,0,2,8300,2,0.7581927710843374,0.0,0.0,0.0
Phylloglossum_drummondii_mt_1kb,281540,C,0,653,0,6341,0,0,3,0,6994,3,6341,653,0,3,6994,3,0.9066342579353732,0.0,0.0,0.0
Phylloglossum_drummondii_mt_1kb,281591,C,0,1025,0,7127,0,0,4,0,8152,4,7127,1025,0,4,8152,4,0.8742639842983317,0.0,0.0,0.0
Phylloglossum_drummondii_mt_1kb,281593,C,0,6958,0,1160,0,0,4,0,8118,4,1160,6958,0,4,8118,4,0.14289233801428924,0.0,1.5927244144732725e-220,2.2556776868095325e-218
Phylloglossum_drummondii_mt_1kb,281594,C,0,1364,0,6623,0,0,4,0,7987,4,6623,1364,0,4,7987,4,0.8292224865406285,0.0,0.0,0.0
Phylloglossum_drummondii_mt_1kb,281609,C,0,1516,0,6403,0,0,4,0,7919,4,6403,1516,0,4,7919,4,0.8085616870817023,0.0,0.0,0.0
Phylloglossum_drummondii_mt_1kb,281615,C,0,2039,0,5922,0,0,4,0,7961,4,5922,2039,0,4,7961,4,0.7438763974375079,0.0,0.0,0.0
Phylloglossum_drummondii_mt_1kb,281765,C,0,1092,0,5511,0,0,3,0,6603,3,5511,1092,0,3,6603,3,0.8346206269877329,0.0,0.0,0.0
Phylloglossum_drummondii_mt_1kb,281792,C,0,629,0,5657,0,0,4,0,6286,4,5657,629,0,4,6286,4,0.8999363665287942,0.0,0.0,0.0
Phylloglossum_drummondii_mt_1kb,281806,C,0,618,0,5945,0,0,5,0,6563,5,5945,618,0,5,6563,5,0.9058357458479354,0.0,0.0,0.0
Phylloglossum_drummondii_mt_1kb,281816,C,0,632,0,6379,0,0,4,0,7011,4,6379,632,0,4,7011,4,0.9098559406646698,0.0,0.0,0.0
Phylloglossum_drummondii_mt_1kb,281849,C,0,609,0,7057,0,0,3,0,7666,3,7057,609,0,3,7666,3,0.9205583094182103,0.0,0.0,0.0
Phylloglossum_drummondii_mt_1kb,281866,C,0,821,0,6740,0,0,2,0,7561,2,6740,821,0,2,7561,2,0.8914164793016797,0.0,0.0,0.0
Phylloglossum_drummondii_mt_1kb,283581,C,0,93,0,6366,0,0,3,0,6459,3,6366,93,0,3,6459,3,0.9856014862981886,0.0,0.0,0.0
Phylloglossum_drummondii_mt_1kb,285105,C,0,5295,0,4084,0,0,8,0,9379,8,4084,5295,0,8,9379,8,0.43544087855848174,0.0,0.0,0.0
Phylloglossum_drummondii_mt_1kb,285204,C,0,652,0,11230,0,0,4,0,11882,4,11230,652,0,4,11882,4,0.9451270829826629,0.0,0.0,0.0
Phylloglossum_drummondii_mt_1kb,285237,C,0,10514,0,1288,0,0,3,0,11802,3,1288,10514,0,3,11802,3,0.10913404507710557,0.0,1.4248363625312432e-145,1.9070981729822082e-143
Phylloglossum_drummondii_mt_1kb,285259,C,0,1185,0,10345,0,0,2,0,11530,2,10345,1185,0,2,11530,2,0.8972246313963573,0.0,0.0,0.0
Phylloglossum_drummondii_mt_1kb,287250,C,0,5739,0,619,0,0,14,0,6358,14,619,5739,0,14,6358,14,0.09735765964139667,0.0,6.746505371100894e-54,8.073318094084071e-52
Phylloglossum_drummondii_mt_1kb,288368,C,0,892,0,12709,0,0,11,0,13601,11,12709,892,0,11,13601,11,0.9344165870156607,0.0,0.0,0.0
Phylloglossum_drummondii_mt_1kb,288374,C,0,4494,0,9146,0,0,10,0,13640,10,9146,4494,0,10,13640,10,0.6705278592375367,0.0,0.0,0.0
Phylloglossum_drummondii_mt_1kb,288392,C,0,2758,0,9211,0,0,10,0,11969,10,9211,2758,0,10,11969,10,0.769571392764642,0.0,0.0,0.0
Phylloglossum_drummondii_mt_1kb,289724,C,0,1536,0,7435,0,0,20,0,8971,20,7435,1536,0,20,8971,20,0.8287816296956861,0.0,0.0,0.0
Phylloglossum_drummondii_mt_1kb,291801,C,0,20984,0,1442,0,0,24,0,22426,24,1442,20984,0,24,22426,24,0.06430036564701685,0.0,2.2789676053409905e-21,2.5309656779603504e-19
Phylloglossum_drummondii_mt_1kb,291995,C,0,61,0,41950,0,0,19,0,42011,19,41950,61,0,19,42011,19,0.9985479993335079,0.0,0.0,0.0
Phylloglossum_drummondii_mt_1kb,292018,C,0,485,0,45190,0,0,17,0,45675,17,45190,485,0,17,45675,17,0.9893814997263273,0.0,0.0,0.0
Phylloglossum_drummondii_mt_1kb,292036,C,0,45310,0,2976,0,0,19,0,48286,19,2976,45310,0,19,48286,19,0.061632771403719505,0.0,4.735250946416612e-30,5.4686834558478735e-28
Phylloglossum_drummondii_mt_1kb,292079,C,0,36548,0,6263,0,0,22,0,42811,22,6263,36548,0,22,42811,22,0.1462941767302796,0.0,0.0,0.0
Phylloglossum_drummondii_mt_1kb,298086,G,0,0,0,0,0,540,0,11809,0,12349,11809,540,0,0,12349,0,0.9562717628957811,NaN,0.0,0.0
Phylloglossum_drummondii_mt_1kb,298104,G,0,0,0,0,0,277,0,10996,0,11273,10996,277,0,0,11273,0,0.9754280138383749,NaN,0.0,0.0
Phylloglossum_drummondii_mt_1kb,298119,G,0,0,0,0,0,133,0,10033,0,10166,10033,133,0,0,10166,0,0.9869171748967145,NaN,0.0,0.0
Phylloglossum_drummondii_mt_1kb,298128,G,0,0,0,0,0,22,0,9957,0,9979,9957,22,0,0,9979,0,0.9977953702775829,NaN,0.0,0.0
Phylloglossum_drummondii_mt_1kb,298188,G,0,0,0,0,0,379,0,11060,0,11439,11060,379,0,0,11439,0,0.966867733193461,NaN,0.0,0.0
Phylloglossum_drummondii_mt_1kb,298191,G,0,0,0,0,0,2097,0,9222,0,11319,9222,2097,0,0,11319,0,0.8147362841240392,NaN,0.0,0.0
Phylloglossum_drummondii_mt_1kb,298257,G,0,0,2,0,0,57,0,14846,2,14903,14846,57,0,2,14903,2,0.9961752667248205,0.0,0.0,0.0
Phylloglossum_drummondii_mt_1kb,298265,G,0,0,3,0,0,14025,0,905,3,14930,905,14025,0,3,14930,3,0.06061620897521768,0.0,4.30317647834281e-9,4.508696965803934e-7
Phylloglossum_drummondii_mt_1kb,298299,G,0,0,3,0,0,323,0,15580,3,15903,15580,323,0,3,15903,3,0.9796893667861409,0.0,0.0,0.0
Phylloglossum_drummondii_mt_1kb,298311,G,0,0,3,0,0,620,0,15379,3,15999,15379,620,0,3,15999,3,0.9612475779736234,0.0,0.0,0.0
Phylloglossum_drummondii_mt_1kb,299175,G,0,0,3,0,0,1671,0,3224,3,4895,3224,1671,0,3,4895,3,0.6586312563840654,0.0,0.0,0.0
Phylloglossum_drummondii_mt_1kb,299963,G,0,0,9,0,0,1431,0,196,9,1627,196,1431,0,9,1627,9,0.12046711739397664,0.0,5.450099917569231e-29,6.2320883279641646e-27
Phylloglossum_drummondii_mt_1kb,301693,G,0,0,4,0,0,4503,0,7834,4,12337,7834,4503,0,4,12337,4,0.6350004052849153,0.0,0.0,0.0
Phylloglossum_drummondii_mt_1kb,302027,G,0,0,2,0,0,266,0,9909,2,10175,9909,266,0,2,10175,2,0.9738574938574939,0.0,0.0,0.0
Phylloglossum_drummondii_mt_1kb,302748,G,0,0,20,0,0,1109,0,10714,20,11823,10714,1109,0,20,11823,20,0.9061997800896557,0.0,0.0,0.0
Phylloglossum_drummondii_mt_1kb,308557,G,0,0,24,0,0,244,0,33,24,277,33,244,0,24,277,24,0.11913357400722022,0.0,4.292622130169184e-6,0.0004340515796293997
Phylloglossum_drummondii_mt_1kb,309279,G,0,0,41,0,0,2495,0,29839,41,32334,29839,2495,0,41,32334,41,0.9228366425434528,0.0,0.0,0.0
Phylloglossum_drummondii_mt_1kb,309294,G,0,0,49,0,0,143,0,31356,49,31499,31356,143,0,49,31499,49,0.9954601733388362,0.0,0.0,0.0
Phylloglossum_drummondii_mt_1kb,309389,G,0,0,58,0,0,26881,0,5159,58,32040,5159,26881,0,58,32040,58,0.1610174781523096,0.0,0.0,0.0
Phylloglossum_drummondii_mt_1kb,309393,G,0,0,60,0,0,8966,0,22712,60,31678,22712,8966,0,60,31678,60,0.7169644548266936,0.0,0.0,0.0
Phylloglossum_drummondii_mt_1kb,309398,G,0,0,64,0,0,28376,0,2688,64,31064,2688,28376,0,64,31064,64,0.0865310327066701,0.0,1.617131431912489e-159,2.1770631902121882e-157
Phylloglossum_drummondii_mt_1kb,309399,G,0,0,64,0,0,580,0,30623,64,31203,30623,580,0,64,31203,64,0.9814120437137455,0.0,0.0,0.0
Phylloglossum_drummondii_mt_1kb,309402,G,0,0,66,0,0,282,0,30936,66,31218,30936,282,0,66,31218,66,0.9909667499519508,0.0,0.0,0.0
Phylloglossum_drummondii_mt_1kb,309414,G,0,0,68,0,0,5074,0,25012,68,30086,25012,5074,0,68,30086,68,0.8313501296283986,0.0,0.0,0.0
Phylloglossum_drummondii_mt_1kb,309431,G,0,0,72,0,0,10172,0,19644,72,29816,19644,10172,0,72,29816,72,0.6588408907968876,0.0,0.0,0.0
Phylloglossum_drummondii_mt_1kb,309432,G,0,0,70,0,0,3216,0,26691,70,29907,26691,3216,0,70,29907,70,0.8924666466044738,0.0,0.0,0.0
Phylloglossum_drummondii_mt_1kb,310852,G,0,0,70,0,0,3940,0,15889,70,19829,15889,3940,0,70,19829,70,0.8013011246154622,0.0,0.0,0.0
Phylloglossum_drummondii_mt_1kb,311307,G,0,0,20,0,0,4717,0,316,20,5033,316,4717,0,20,5033,20,0.06278561494138685,0.0,3.318037311592766e-5,0.00332600921941932
Phylloglossum_drummondii_mt_1kb,311658,G,0,0,32,0,0,2451,0,14677,32,17128,14677,2451,0,32,17128,32,0.85690098085007,0.0,0.0,0.0
Phylloglossum_drummondii_mt_1kb,311709,G,0,0,47,0,0,7914,0,9348,47,17262,9348,7914,0,47,17262,47,0.5415363225582204,0.0,0.0,0.0
Phylloglossum_drummondii_mt_1kb,311723,G,0,0,45,0,0,12645,0,4454,45,17099,4454,12645,0,45,17099,45,0.2604830691853325,0.0,0.0,0.0
Phylloglossum_drummondii_mt_1kb,311782,G,0,0,46,0,0,9832,0,1228,46,11060,1228,9832,0,46,11060,46,0.11103074141048824,0.0,2.3653038550593064e-144,3.1476892767715955e-142
Phylloglossum_drummondii_mt_1kb,312643,G,0,0,28,0,0,7840,0,1320,28,9160,1320,7840,0,28,9160,28,0.14410480349344978,0.0,3.9576356007742666e-254,5.763586865014372e-252
Phylloglossum_drummondii_mt_1kb,313436,G,0,0,5,0,0,2194,0,10279,5,12473,10279,2194,0,5,12473,5,0.8241000561212218,0.0,0.0,0.0
Phylloglossum_drummondii_mt_1kb,315871,G,0,0,31,0,0,256,0,44,31,300,44,256,0,31,300,31,0.14666666666666667,0.0,2.1495065625843507e-10,2.277935890614276e-8
Phylloglossum_drummondii_mt_1kb,316585,G,0,0,37,0,0,210,0,105,37,315,105,210,0,37,315,37,0.3333333333333333,0.0,3.284001049372116e-56,3.9502694181161575e-54
Phylloglossum_drummondii_mt_1kb,317091,G,0,0,23,0,0,329,0,44,23,373,44,329,0,23,373,23,0.11796246648793565,0.0,1.6461027884835098e-7,1.6978322101884145e-5
Phylloglossum_drummondii_mt_1kb,333455,C,0,289,0,350,0,0,8,0,639,8,350,289,0,8,639,8,0.5477308294209703,0.0,6.510580654020693e-273,9.54150318570735e-271
Phylloglossum_drummondii_mt_1kb,333590,C,0,205,0,230,0,0,22,0,435,22,230,205,0,22,435,22,0.5287356321839081,0.0,2.730552714883289e-175,3.752362812432047e-173
Phylloglossum_drummondii_mt_1kb,333599,C,0,288,0,178,0,0,25,0,466,25,178,288,0,25,466,25,0.38197424892703863,0.0,1.6122744269306512e-105,2.0740566940440387e-103
Phylloglossum_drummondii_mt_1kb,333605,C,0,270,0,212,0,0,28,0,482,28,212,270,0,28,482,28,0.43983402489626555,0.0,2.175653580633123e-140,2.8787626563628736e-138
Phylloglossum_drummondii_mt_1kb,333642,C,0,176,0,357,0,0,34,0,533,34,357,176,0,34,533,34,0.6697936210131332,0.0,1.0e-323,1.47e-321
Phylloglossum_drummondii_mt_1kb,333690,C,0,227,0,427,0,0,25,0,654,25,427,227,0,25,654,25,0.6529051987767585,0.0,0.0,0.0
Phylloglossum_drummondii_mt_1kb,333691,C,0,532,0,124,0,0,25,0,656,25,124,532,0,25,656,25,0.18902439024390244,0.0,4.46743532238886e-37,5.211370206930743e-35
Phylloglossum_drummondii_mt_1kb,333706,C,0,291,0,405,0,0,23,0,696,23,405,291,0,23,696,23,0.5818965517241379,0.0,0.0,0.0
Phylloglossum_drummondii_mt_1kb,333711,C,0,542,0,151,0,0,23,0,693,23,151,542,0,23,693,23,0.2178932178932179,0.0,7.948313860582565e-53,9.486968123645339e-51
Phylloglossum_drummondii_mt_1kb,333712,C,0,395,0,295,0,0,22,0,690,22,295,395,0,22,690,22,0.427536231884058,0.0,2.938162331874876e-190,4.110853043850676e-188
Phylloglossum_drummondii_mt_1kb,333726,C,0,257,0,424,0,0,22,0,681,22,424,257,0,22,681,22,0.6226138032305433,0.0,0.0,0.0
Phylloglossum_drummondii_mt_1kb,333727,C,0,231,0,457,0,0,22,0,688,22,457,231,0,22,688,22,0.6642441860465116,0.0,0.0,0.0
Phylloglossum_drummondii_mt_1kb,333733,C,0,174,0,531,0,0,19,0,705,19,531,174,0,19,705,19,0.7531914893617021,0.0,0.0,0.0
Phylloglossum_drummondii_mt_1kb,333759,C,0,155,0,466,0,0,20,0,621,20,466,155,0,20,621,20,0.750402576489533,0.0,0.0,0.0
Phylloglossum_drummondii_mt_1kb,333769,C,0,153,0,429,0,0,24,0,582,24,429,153,0,24,582,24,0.7371134020618557,0.0,0.0,0.0
Phylloglossum_drummondii_mt_1kb,333781,C,0,118,0,424,0,0,24,0,542,24,424,118,0,24,542,24,0.7822878228782287,0.0,0.0,0.0
Phylloglossum_drummondii_mt_1kb,333869,C,0,138,0,216,0,0,24,0,354,24,216,138,0,24,354,24,0.6101694915254238,0.0,2.2798466119816587e-183,3.170629923347826e-181
Phylloglossum_drummondii_mt_1kb,333935,C,0,142,0,181,0,0,21,0,323,21,181,142,0,21,323,21,0.5603715170278638,0.0,1.6840545071701545e-144,2.247557587364756e-142
Phylloglossum_drummondii_mt_1kb,333942,C,0,155,0,158,0,0,20,0,313,20,158,155,0,20,313,20,0.5047923322683706,0.0,7.538129799023245e-117,9.806132840521504e-115
Phylloglossum_drummondii_mt_1kb,333946,C,0,206,0,115,0,0,21,0,321,21,115,206,0,21,321,21,0.3582554517133956,0.0,2.837178651523561e-65,3.457699487650201e-63
Phylloglossum_drummondii_mt_1kb,333947,C,0,198,0,129,0,0,21,0,327,21,129,198,0,21,327,21,0.3944954128440367,0.0,4.991029435079766e-79,6.196771157318473e-77
Phylloglossum_drummondii_mt_1kb,333988,C,0,62,0,286,0,0,22,0,348,22,286,62,0,22,348,22,0.8218390804597702,0.0,1.249024734527732e-304,1.8539610410485193e-302
Phylloglossum_drummondii_mt_1kb,334095,C,0,88,0,246,0,0,16,0,334,16,246,88,0,16,334,16,0.7365269461077845,0.0,2.1674526737012166e-240,3.107643986742323e-238
Phylloglossum_drummondii_mt_1kb,334252,C,0,420,0,147,0,0,1,0,567,1,147,420,0,1,567,1,0.25925925925925924,0.0,9.247666933896023e-62,1.1211222601457036e-59
Phylloglossum_drummondii_mt_1kb,335652,C,0,495,0,288,0,0,8,0,783,8,288,495,0,8,783,8,0.367816091954023,0.0,2.944699159092298e-164,3.9874842911322637e-162
Phylloglossum_drummondii_mt_1kb,335777,C,0,455,0,722,0,0,13,0,1177,13,722,455,0,13,1177,13,0.6134239592183517,0.0,0.0,0.0
Phylloglossum_drummondii_mt_1kb,335876,C,0,116,0,630,0,0,7,0,746,7,630,116,0,7,746,7,0.8445040214477212,0.0,0.0,0.0
Phylloglossum_drummondii_mt_1kb,336101,C,0,134,0,19,0,0,4,0,153,4,19,134,0,4,153,4,0.12418300653594772,0.0,0.000248792904973414,0.024462522764806316
Phylloglossum_drummondii_mt_1kb,336171,C,0,105,0,117,0,0,4,0,222,4,117,105,0,4,222,4,0.527027027027027,0.0,7.5496632540335855e-90,9.526769889851482e-88
Phylloglossum_drummondii_mt_1kb,336190,C,0,194,0,42,0,0,3,0,236,3,42,194,0,3,236,3,0.17796610169491525,0.0,9.547683799923057e-13,1.0188082591203609e-10
Phylloglossum_drummondii_mt_1kb,345214,C,0,146,0,34,0,0,2,0,180,2,34,146,0,2,180,2,0.18888888888888888,0.0,2.4094192195454424e-11,2.55923425404516e-9
Phylloglossum_drummondii_mt_1kb,345592,C,0,49,0,162,0,0,6,0,211,6,162,49,0,6,211,6,0.7677725118483413,0.0,4.2022677202438504e-164,5.673796512892506e-162
Phylloglossum_drummondii_mt_1kb,345651,C,0,182,0,66,0,0,5,0,248,5,66,182,0,5,248,5,0.2661290322580645,0.0,2.010626745326299e-29,2.3048053268021345e-27
Phylloglossum_drummondii_mt_1kb,345996,C,0,77,0,91,0,0,4,0,168,4,91,77,0,4,168,4,0.5416666666666666,0.0,1.0473321428410459e-71,1.286551694087843e-69
Phylloglossum_drummondii_mt_1kb,347274,C,0,3681,0,769,0,0,6,0,4450,6,769,3681,0,6,4450,6,0.17280898876404494,0.0,2.741146439682571e-195,3.846825235398168e-193
Phylloglossum_drummondii_mt_1kb,347319,C,0,465,0,3931,0,0,2,0,4396,2,3931,465,0,2,4396,2,0.8942220200181984,0.0,0.0,0.0
Phylloglossum_drummondii_mt_1kb,348430,C,0,1306,0,7122,0,0,4,0,8428,4,7122,1306,0,4,8428,4,0.8450403417180826,0.0,0.0,0.0
Phylloglossum_drummondii_mt_1kb,348473,C,0,11008,0,994,0,0,6,0,12002,6,994,11008,0,6,12002,6,0.08281953007832028,0.0,5.3752425812920364e-52,6.382893825185012e-50
Phylloglossum_drummondii_mt_1kb,350981,C,0,2142,0,27055,0,0,5,0,29197,5,27055,2142,0,5,29197,5,0.9266362982498202,0.0,0.0,0.0
Phylloglossum_drummondii_mt_1kb,351011,C,0,630,0,29399,0,0,5,0,30029,5,29399,630,0,5,30029,5,0.9790202803956176,0.0,0.0,0.0
Phylloglossum_drummondii_mt_1kb,351026,C,0,523,0,31029,0,0,6,0,31552,6,31029,523,0,6,31552,6,0.9834241886409736,0.0,0.0,0.0
Phylloglossum_drummondii_mt_1kb,351030,C,0,16419,0,15301,0,0,6,0,31720,6,15301,16419,0,6,31720,6,0.48237704918032787,0.0,0.0,0.0
Phylloglossum_drummondii_mt_1kb,351164,C,0,433,0,32458,0,0,5,0,32891,5,32458,433,0,5,32891,5,0.9868353044905901,0.0,0.0,0.0
Phylloglossum_drummondii_mt_1kb,352269,C,0,2778,0,622,0,0,11,0,3400,11,622,2778,0,11,3400,11,0.18294117647058825,0.0,6.9495927661700385e-171,9.493881728439547e-169
Phylloglossum_drummondii_mt_1kb,352651,C,0,2894,0,550,0,0,7,0,3444,7,550,2894,0,7,3444,7,0.15969802555168408,0.0,1.7526439943927878e-125,2.292844520461141e-123
Phylloglossum_drummondii_mt_1kb,352983,C,0,3058,0,246,0,0,10,0,3304,10,246,3058,0,10,3304,10,0.07445520581113801,0.0,9.325174236176451e-10,9.837315354249832e-8
Phylloglossum_drummondii_mt_1kb,353805,C,0,3146,0,30347,0,0,20,0,33493,20,30347,3146,0,20,33493,20,0.9060699250589676,0.0,0.0,0.0
Phylloglossum_drummondii_mt_1kb,353826,C,0,403,0,28821,0,0,15,0,29224,15,28821,403,0,15,29224,15,0.9862099644128114,0.0,0.0,0.0
Phylloglossum_drummondii_mt_1kb,358800,C,0,301,0,43,0,0,8,0,344,8,43,301,0,8,344,8,0.125,0.0,4.3838207671160196e-8,4.5418148444275165e-6
